1 4 100 110 110 210 110
4 1 100 210 110 110 110
4 5 90 210 110 300 110
4 n 135 210 110 300 210
n 4 135 300 210 210 110
5 4 90 300 110 210 110
5 6 100 300 110 400 110
6 5 100 400 110 300 110
6 7 100 400 110 500 110 
7 6 100 500 110 400 110
6 p 141 400 110 500 210
p 6 141 500 210 400 110
7 8 90 500 110 590 110
8 7 90 590 110 500 110
8 p 135 590 110 500 210
p 8 135 500 210 590 110
p 9 90 500 210 590 210
9 p 90 590 210 500 210 
9 b 100 590 210 590 310 
b 9 100 590 310 590 210 
b c 80 590 310 590 390
c b 80 590 390 590 310
c s 206 590 390 400 310
s c 206 400 310 590 390
s x 128 400 310 500 390 
x s 128 500 390 400 310
x d 127 500 390 590 480
d x 127 590 480 500 390 
n o 100 300 210 400 210
o n 100 400 210 300 210
o t 141 400 210 500 310
t o 141 500 310 400 210
t p 100 500 310 500 210 
p t 100 500 210 500 310 
1 m 141 110 110 210 210
m 1 141 210 210 110 110 
m r 135 210 210 300 310
r m 135 300 310 210 210
r o 141 300 310 400 210
o r 141 400 210 300 310
m q 100 210 210 210 310 
q m 100 210 310 210 210
q r 90 210 310 300 310
r q 90 300 310 210 310
q v 120 210 310 300 390
v q 120 300 390 210 310
r v 80 300 310 300 390
v r 80 300 390 300 310
v u 90 300 390 210 390
u v 90 210 390 300 390 
u j 100 210 390 110 390
j u 100 110 390 210 390
1 l 100 110 110 110 210
l 1 100 110 210 110 110
l k 100 110 210 110 310
k l 100 110 310 110 210
k j 80 110 310 110 390
j k 80 110 390 110 310
j i 90 110 390 110 480
i j 90 110 480 110 390
i h 110 110 480 210 480
h i 110 210 480 110 480
h g 80 210 480 300 480
g h 80 300 480 210 480
g w 135 300 480 400 390
w g 135 400 390 300 480
w s 80 400 390 400 310
s w 80 400 310 400 390
w f 90 400 390 400 480
f w 90 400 480 400 390
g f 100 300 480 400 480
f g 100 400 480 300 480
f e 100 400 480 500 480
e f 100 500 480 400 480